A 1 2000
R 2001 4000
K 4001 6000
K.day 6001 8000
p 8001 10000
theta 10001 12000
sd 12001 14000
ER 14001 16000
GPP 16001 18000
NEP 18001 20000
sum.obs.resid 20001 22000
sum.ppa.resid 22001 24000
PPfit 24001 26000
DO.modelled[1] 26001 28000
DO.modelled[2] 28001 30000
DO.modelled[3] 30001 32000
DO.modelled[4] 32001 34000
DO.modelled[5] 34001 36000
DO.modelled[6] 36001 38000
DO.modelled[7] 38001 40000
DO.modelled[8] 40001 42000
DO.modelled[9] 42001 44000
DO.modelled[10] 44001 46000
DO.modelled[11] 46001 48000
DO.modelled[12] 48001 50000
DO.modelled[13] 50001 52000
DO.modelled[14] 52001 54000
DO.modelled[15] 54001 56000
DO.modelled[16] 56001 58000
DO.modelled[17] 58001 60000
DO.modelled[18] 60001 62000
DO.modelled[19] 62001 64000
DO.modelled[20] 64001 66000
DO.modelled[21] 66001 68000
DO.modelled[22] 68001 70000
DO.modelled[23] 70001 72000
DO.modelled[24] 72001 74000
DO.modelled[25] 74001 76000
DO.modelled[26] 76001 78000
DO.modelled[27] 78001 80000
DO.modelled[28] 80001 82000
DO.modelled[29] 82001 84000
DO.modelled[30] 84001 86000
DO.modelled[31] 86001 88000
DO.modelled[32] 88001 90000
DO.modelled[33] 90001 92000
DO.modelled[34] 92001 94000
DO.modelled[35] 94001 96000
DO.modelled[36] 96001 98000
DO.modelled[37] 98001 100000
DO.modelled[38] 100001 102000
DO.modelled[39] 102001 104000
DO.modelled[40] 104001 106000
DO.modelled[41] 106001 108000
DO.modelled[42] 108001 110000
DO.modelled[43] 110001 112000
DO.modelled[44] 112001 114000
DO.modelled[45] 114001 116000
DO.modelled[46] 116001 118000
DO.modelled[47] 118001 120000
DO.modelled[48] 120001 122000
DO.modelled[49] 122001 124000
DO.modelled[50] 124001 126000
DO.modelled[51] 126001 128000
DO.modelled[52] 128001 130000
DO.modelled[53] 130001 132000
DO.modelled[54] 132001 134000
DO.modelled[55] 134001 136000
DO.modelled[56] 136001 138000
DO.modelled[57] 138001 140000
DO.modelled[58] 140001 142000
DO.modelled[59] 142001 144000
DO.modelled[60] 144001 146000
DO.modelled[61] 146001 148000
DO.modelled[62] 148001 150000
DO.modelled[63] 150001 152000
DO.modelled[64] 152001 154000
DO.modelled[65] 154001 156000
DO.modelled[66] 156001 158000
DO.modelled[67] 158001 160000
DO.modelled[68] 160001 162000
DO.modelled[69] 162001 164000
DO.modelled[70] 164001 166000
DO.modelled[71] 166001 168000
DO.modelled[72] 168001 170000
DO.modelled[73] 170001 172000
DO.modelled[74] 172001 174000
DO.modelled[75] 174001 176000
DO.modelled[76] 176001 178000
DO.modelled[77] 178001 180000
DO.modelled[78] 180001 182000
DO.modelled[79] 182001 184000
DO.modelled[80] 184001 186000
DO.modelled[81] 186001 188000
DO.modelled[82] 188001 190000
DO.modelled[83] 190001 192000
DO.modelled[84] 192001 194000
DO.modelled[85] 194001 196000
DO.modelled[86] 196001 198000
DO.modelled[87] 198001 200000
DO.modelled[88] 200001 202000
DO.modelled[89] 202001 204000
DO.modelled[90] 204001 206000
DO.modelled[91] 206001 208000
DO.modelled[92] 208001 210000
DO.modelled[93] 210001 212000
DO.modelled[94] 212001 214000
DO.modelled[95] 214001 216000
DO.modelled[96] 216001 218000
DO.modelled[97] 218001 220000
DO.modelled[98] 220001 222000
DO.modelled[99] 222001 224000
DO.modelled[100] 224001 226000
DO.modelled[101] 226001 228000
DO.modelled[102] 228001 230000
DO.modelled[103] 230001 232000
DO.modelled[104] 232001 234000
DO.modelled[105] 234001 236000
DO.modelled[106] 236001 238000
DO.modelled[107] 238001 240000
DO.modelled[108] 240001 242000
DO.modelled[109] 242001 244000
DO.modelled[110] 244001 246000
DO.modelled[111] 246001 248000
DO.modelled[112] 248001 250000
DO.modelled[113] 250001 252000
DO.modelled[114] 252001 254000
DO.modelled[115] 254001 256000
DO.modelled[116] 256001 258000
DO.modelled[117] 258001 260000
DO.modelled[118] 260001 262000
DO.modelled[119] 262001 264000
DO.modelled[120] 264001 266000
DO.modelled[121] 266001 268000
DO.modelled[122] 268001 270000
DO.modelled[123] 270001 272000
DO.modelled[124] 272001 274000
DO.modelled[125] 274001 276000
DO.modelled[126] 276001 278000
DO.modelled[127] 278001 280000
DO.modelled[128] 280001 282000
DO.modelled[129] 282001 284000
DO.modelled[130] 284001 286000
DO.modelled[131] 286001 288000
DO.modelled[132] 288001 290000
DO.modelled[133] 290001 292000
DO.modelled[134] 292001 294000
DO.modelled[135] 294001 296000
DO.modelled[136] 296001 298000
DO.modelled[137] 298001 300000
DO.modelled[138] 300001 302000
DO.modelled[139] 302001 304000
DO.modelled[140] 304001 306000
DO.modelled[141] 306001 308000
DO.modelled[142] 308001 310000
DO.modelled[143] 310001 312000
DO.modelled[144] 312001 314000
